0.4444876 4.7686468 11.8990733 0.5774474 0.3135204 0.5687493 0.7621367
0.4489344 4.8414982 12.1096375 0.5896076 0.3038927 0.5549294 0.7587734
0.4500595 4.8476645 12.1011189 0.5895769 0.3030528 0.5544726 0.7575516
0.4521623 4.8802384 12.1510795 0.5930213 0.3010312 0.5512439 0.7565851
0.4527501 4.8900638 12.1420546 0.5927738 0.3016467 0.5513001 0.7551144
0.4533468 4.8849449 12.1384308 0.5927980 0.3001759 0.5503882 0.7554342
0.4524010 4.8854809 12.1495004 0.5930352 0.3013000 0.5509961 0.7560691
0.3113646 2.6480604 9.1294850 0.3977117 0.4586183 0.7559476 0.9002344
0.2940135 2.3219923 8.4021212 0.3711799 0.5002614 0.7850163 0.9162513
0.2576553 2.1626074 8.5453141 0.3493551 0.5517174 0.8172056 0.9260417
0.2474821 1.9620689 8.0345052 0.3334390 0.5662562 0.8355331 0.9356204
0.2249515 1.6119434 6.8776691 0.2930925 0.6373682 0.8740946 0.9558724
0.2047573 1.5312549 6.9067176 0.2823447 0.6686608 0.8854553 0.9589043
0.2106942 1.5103190 6.9376889 0.2876106 0.6606599 0.8798386 0.9563011
0.1919150 1.5789425 6.8794557 0.2678199 0.7024238 0.8991653 0.9630161
0.1855704 1.4870074 6.7044523 0.2632114 0.7193007 0.9019702 0.9641689
0.1801955 1.3792009 6.6262657 0.2594529 0.7269058 0.9048187 0.9639995
0.1835908 1.3733888 6.6011067 0.2598394 0.7213009 0.9039755 0.9666535
0.1745611 1.3314544 6.4732890 0.2537663 0.7348418 0.9113048 0.9674482
0.1667586 1.2433342 6.0025480 0.2394431 0.7595474 0.9196096 0.9719959
0.1646223 1.1884814 5.7880765 0.2343228 0.7684567 0.9213444 0.9725410
0.1612883 1.1686519 5.6848011 0.2316441 0.7738311 0.9260416 0.9743837
0.1606678 1.1632189 5.6727924 0.2307738 0.7758663 0.9255171 0.9739295
0.1652553 1.2663588 5.6185679 0.2300425 0.7777983 0.9291502 0.9750561
0.1572843 1.1977985 5.5996896 0.2257264 0.7887764 0.9298749 0.9754628
0.1622769 1.1990754 5.7226965 0.2319812 0.7784879 0.9262312 0.9735172
0.1687417 1.1687690 5.7121970 0.2389964 0.7664560 0.9233030 0.9714626
0.1552566 1.1323278 5.4941105 0.2248092 0.7896418 0.9305663 0.9753596
0.1549217 1.1701129 5.5968176 0.2236646 0.7906975 0.9317179 0.9762279
0.1548248 1.1687687 5.5119053 0.2236172 0.7922020 0.9306827 0.9752956
0.1554804 1.1763786 5.4908874 0.2248055 0.7917353 0.9307395 0.9749604
0.1561933 1.1606902 5.4916482 0.2253840 0.7916336 0.9301969 0.9743651
0.1571773 1.1720787 5.5639266 0.2283470 0.7886079 0.9277436 0.9731274
0.1551656 1.1552162 5.4690385 0.2244579 0.7924034 0.9310561 0.9748020
0.4585159 4.9365786 12.1658474 0.5957313 0.2956140 0.5430859 0.7514121
